127
5
0
4
4
4
15
4
29
3
43
2
59
2
78
1
98
0
117
5
11
4
32
3
54
2
76
1
98
0
121
5
15
4
36
3
57
2
79
1
101
0
124
5
18
4
41
3
63
2
85
1
106
0
127
5
21
3
41
3
62
2
81
1
101
0
120
5
10
4
29
3
49
2
67
1
85
0
103
0
121
5
9
4
27
3
45
2
62
2
79
1
96
0
111
5
126
5
15
4
29
3
42
2
57
2
74
1
90
0
105
0
122
5
12
4
26
3
41
3
60
2
75
1
91
0
109
5
126
5
15
4
33
3
51
2
69
1
87
0
106
5
124
5
15
4
33
3
51
2
68
1
85
0
103
0
120
5
5
4
18
4
31
3
45
2
55
2
64
1
72
1
81
1
87
0
93
0
99
0
103
0
105
0
104
0
102
0
98
0
94
0
92
0
92
0
94
0
95
0
96
0
96
0
95
0
94
0
95
0
95
0
95
0
95
0
95
0
95
0
95
0
95
0
95
0
95
0
95
0
95
0
95
0
95
0
95
0
95
0
95
0
95
0
95
0
95
0
95
0
95
0
95
0
95
0
95
0
95
0
95
0
95
0
95
0
95
0
95
0
95
0
95
0
95
0
95
0
95
0
95
0
95
0
95
0
95
0
95
0
95
0
95
0
95
0
95
0
95
0
95
0
95
0
95
0
95
0
95
0
95
0
95
0
95
0
95
0
95
0
95
0
95
0
95
0
95
0
95
0
95
0
95
0
95
0
95
0
95
0
95
0
95
0
95
0
95
0
95
0
95
0
95
0
95
0
95
0
95
0
95
0
95
0
95
0
95
0
95
0
95
0
95
0
95
0
95
0
95
0
95
0
95
0
95
0
95
0
95
0
95
0
95
0
95
0
95
0
95
0
95
0
95
0
95
0
95
0
95
0
95
0
95
0
95
0
95
0
95
0
95
0
95
0
95
0
95
0
95
0
95
0
95
0
95
0
95
0
95
0
95
0
95
0
95
0
95
0
95
0
95
0
95
0
95
0
95
0
95
0
95
0
95
0
95
0
95
0
95
0
95
0
95
0
95
0
95
0
95
0
95
0
95
0
95
0
95
0
95
0
95
0
95
0
95
0
95
0
95
0
95
0
95
0
95
0
95
0
95
0
95
0
95
0
95
0
95
0
95
0
95
0
95
0
95
0
95
0
95
0
95
0
95
0
95
0
95
0
95
0
95
0
95
0
95
0
95
0
95
0
95
0
95
0
95
0
95
0
95
0
95
0
95
0
95
0
95
0
95
0
95
0
95
0
95
0
95
0
95
0
95
0
95
0
95
0
95
0
95
0
95
0
95
0
95
0
95
0
95
0
95
0
95
0
95
0
95
0
95
0
95
0
95
0
95
0
95
0
95
0
95
0
95
0
95
0
95
0
95
0
95
0
95
0
95
0
95
0
95
0
95
0
95
0
95
0
95
0
95
0
95
0
95
0
95
0
95
0
95
0
95
0
95
0
95
0
95
0
95
0
95
0
95
0
95
0
95
0
95
0
95
0
95
0
95
0
94
0
95
0
95
0
95
0
95
0
95
0
95
0
95
0
95
0
95
0
95
0
95
0
95
0
95
0
95
0
95
0
95
0
95
0
95
0
95
0
95
0
95
0
95
0
95
0
95
0
95
0
95
0
95
0
95
0
95
0
95
0
95
0
95
0
95
0
95
0
95
0
95
0
95
0
95
0
95
0
95
0
95
0
95
0
95
0
95
0
95
0
95
0
95
0
95
0
95
0
95
0
95
0
95
0
95
0
95
0
95
0
95
0
95
0
95
0
95
0
95
0
95
0
95
0
95
0
95
0
95
0
95
0
95
0
95
0
95
0
95
0
95
0
95
0
95
0
95
0
95
0
95
0
95
0
95
0
95
0
95
0
95
0
95
0
95
0
95
0
95
0
95
0
95
0
95
0
95
0
95
0
95
0
95
0
95
0
95
0
95
0
95
0
95
0
95
0
95
0
95
0
95
0
95
0
95
0
95
0
95
0
95
0
95
0
95
0
95
0
95
0
95
0
95
0
95
0
95
0
95
0
95
0
95
0
95
0
95
0
95
0
95
0
95
0
95
0
95
0
95
0
95
0
95
0
95
0
95
0
95
0
95
0
95
0
95
0
95
0
95
0
95
0
95
0
95
0
95
0
95
0
95
0
95
0
95
0
95
0
95
0
95
0
95
0
95
0
95
0
95
0
95
0
95
0
95
0
95
0
95
0
95
0
95
0
95
0
95
0
95
0
95
0
94
0
95
0
95
0
95
0
95
0
95
0
95
0
95
0
95
0
95
0
94
0
95
0
95
0
95
0
95
0
95
0
95
0
95
0
95
0
95
0
95
0
95
0
95
0
95
0
95
0
95
0
95
0
95
0
95
0
95
0
95
0
95
0
95
0
95
0
95
0
95
0
95
0
95
0
95
0
95
0
95
0
95
0
95
0
95
0
95
0
95
0
95
0
95
0
95
0
95
0
95
0
95
0
95
0
95
0
95
0
95
0
95
0
95
0
95
0
95
0
95
0
95
0
95
0
95
0
95
0
95
0
95
0
95
0
95
0
95
0
95
0
95
0
95
0
95
0
95
0
95
0
95
0
95
0
95
0
95
0
95
0
95
0
95
0
95
0
95
0
95
0
95
0
95
0
95
0
95
0
95
0
95
0
95
0
95
0
95
0
95
0
95
0
95
0
95
0
95
0
95
0
95
0
95
0
95
0
95
0
95
0
95
0
95
0
95
0
95
0
95
0
95
0
95
0
95
0
95
0
95
0
95
0
95
0
95
0
95
0
95
0
95
0
95
0
95
0
95
0
95
0
95
0
95
0
95
0
95
0
95
0
95
0
95
0
95
0
95
0
95
0
95
0
95
0
95
0
95
0
95
0
95
0
95
0
95
0
95
0
95
0
95
0
95
0
95
0
95
0
95
0
95
0
95
0
95
0
95
0
95
0
95
0
95
0
95
0
95
0
95
0
95
0
95
0
95
0
95
0
94
0
95
0
95
0
95
0
95
0
95
0
95
0
95
0
95
0
95
0
95
0
95
0
95
0
95
0
95
0
95
0
95
0
95
0
95
0
95
0
95
0
95
0
95
0
95
0
95
0
95
0
95
0
95
0
95
0
95
0
95
0
95
0
95
0
95
0
95
0
95
0
95
0
95
0
95
0
95
0
95
0
95
0
95
0
95
0
95
0
95
0
95
0
95
0
95
0
95
0
95
0
95
0
95
0
95
0
95
0
95
0
95
0
95
0
95
0
95
0
95
0
95
0
95
0
95
0
95
0
95
0
95
0
95
0
95
0
95
0
95
0
95
0
95
0
95
0
95
0
95
0
95
0
95
0
95
0
95
0
95
0
95
0
95
0
95
0
95
0
95
0
95
0
95
0
95
0
95
0
95
0
95
0
95
0
95
0
95
0
95
0
95
0
95
0
95
0
95
0
95
0
95
0
95
0
95
0
95
0
95
0
95
0
95
0
95
0
95
0
