126
0
126
0
126
0
126
0
126
0
126
0
126
0
126
0
126
0
126
0
126
0
126
0
126
0
126
0
126
0
126
0
126
0
126
0
126
1
121
1
110
1
99
1
92
1
95
1
102
1
108
1
111
1
109
1
105
1
102
1
102
1
103
1
106
1
107
1
106
1
105
1
104
1
105
1
105
1
106
1
105
1
105
1
105
1
105
1
105
1
105
1
105
1
105
1
105
1
105
1
105
1
105
1
105
1
105
1
105
1
105
1
105
1
105
1
105
1
105
1
106
1
105
1
105
1
105
1
105
1
105
1
105
1
105
1
105
1
105
1
105
1
105
1
105
1
105
1
105
1
105
1
105
1
105
1
105
1
105
1
106
1
105
1
105
1
105
1
105
1
105
1
105
1
105
1
106
1
105
2
96
2
85
2
78
2
75
2
78
2
83
2
88
2
90
2
89
2
87
2
85
2
84
2
84
2
85
2
85
2
86
2
86
2
85
2
85
2
85
2
85
2
85
2
85
2
85
2
85
2
85
2
85
2
85
2
85
2
85
2
85
2
85
2
85
2
85
2
85
2
85
2
85
2
85
2
85
2
85
2
85
2
85
2
85
2
85
2
85
2
85
2
85
2
85
2
85
2
85
2
85
2
85
2
85
2
85
2
85
2
85
2
85
2
85
2
85
2
85
2
85
2
85
2
86
2
85
2
85
2
85
2
85
2
85
2
85
2
85
2
85
3
77
3
65
3
57
3
52
3
54
3
59
3
63
3
67
3
67
3
65
3
62
3
61
3
62
3
63
3
64
3
64
3
63
3
63
3
63
3
63
3
63
3
63
3
63
3
63
3
63
3
63
3
63
3
63
3
63
3
63
3
63
3
63
3
63
3
63
3
63
3
63
3
63
3
63
3
63
3
63
3
63
3
63
3
63
3
63
3
63
3
63
3
63
3
63
3
63
3
63
3
63
3
63
3
63
3
63
3
63
3
63
3
63
3
63
3
63
3
63
3
63
3
63
3
63
3
63
3
63
3
63
3
63
3
63
3
63
3
63
4
61
4
51
4
38
4
32
4
32
4
37
4
42
4
47
4
48
4
45
4
42
4
41
4
41
4
43
4
44
4
44
4
43
4
42
4
43
4
43
4
43
4
43
4
43
4
43
4
43
4
43
4
43
4
43
4
43
4
43
4
43
4
43
4
43
4
43
4
43
4
43
4
43
4
43
4
43
4
43
4
43
4
43
4
43
4
43
4
43
4
43
4
43
4
43
4
43
4
43
4
43
4
43
4
43
4
43
4
43
4
43
4
43
4
43
4
43
4
43
4
43
4
43
4
43
4
43
4
43
4
43
4
43
4
43
4
43
4
43
4
43
4
42
5
34
5
22
5
13
5
11
5
12
5
17
5
22
5
27
5
28
5
25
5
22
5
20
5
20
5
21
5
23
5
23
5
23
5
22
5
22
5
22
5
22
5
22
5
22
5
22
5
22
5
22
5
22
5
22
5
22
5
22
5
22
5
22
5
22
5
22
5
22
5
22
5
22
5
22
5
22
5
22
5
22
5
22
5
22
5
22
5
22
5
22
5
22
5
22
5
22
5
22
5
22
5
22
5
22
5
22
5
22
5
22
5
22
5
22
5
22
5
22
5
22
5
22
5
22
5
22
5
22
5
22
5
22
5
22
5
22
5
22
5
22
0
17
0
7
0
123
0
115
0
115
0
119
0
126
0
3
0
4
0
2
0
126
0
124
0
124
0
126
0
127
0
0
0
0
0
126
0
126
0
126
0
127
0
127
0
127
0
126
0
127
0
127
0
127
0
127
0
127
0
127
0
127
0
127
0
127
0
127
0
127
0
127
0
127
0
126
0
127
0
127
0
127
0
127
0
127
0
127
0
127
0
127
0
127
0
126
0
127
0
127
0
127
0
127
0
127
0
126
0
127
0
127
0
127
0
127
0
127
0
127
0
127
0
127
0
127
0
127
0
127
0
127
0
127
0
127
0
127
0
125
1
118
1
107
1
98
1
96
1
100
1
106
1
112
1
113
1
112
1
109
1
107
1
105
1
106
1
108
1
109
1
109
1
108
1
108
1
108
1
108
1
108
1
108
1
107
1
108
1
108
1
108
1
108
1
108
1
108
1
108
1
108
1
108
1
108
1
108
1
108
1
108
1
108
1
108
1
108
1
108
1
108
1
108
1
108
1
108
1
108
1
108
1
108
1
108
1
108
1
108
1
108
1
108
1
108
1
108
1
108
1
108
1
108
1
108
1
108
1
108
1
108
1
108
1
108
1
108
1
108
1
108
1
108
1
108
1
108
1
108
2
104
2
95
2
85
2
76
2
72
2
75
2
80
2
85
2
88
2
87
2
85
2
83
2
82
2
82
2
83
2
84
2
84
2
84
2
84
2
83
2
84
2
84
2
84
2
83
2
84
2
83
2
84
2
83
2
83
2
83
2
84
2
83
2
84
2
84
2
84
2
84
2
83
2
84
2
84
2
84
2
83
2
83
2
84
2
84
2
84
2
84
2
84
2
84
2
83
2
84
2
84
2
84
2
83
2
84
2
84
2
84
2
84
2
84
2
84
2
83
2
83
2
84
2
84
2
83
2
84
2
84
2
84
2
84
2
84
2
84
2
83
3
80
3
70
3
60
3
54
3
55
3
62
3
67
3
68
3
66
3
63
3
61
3
62
3
64
3
65
3
64
3
63
3
63
3
63
3
64
3
63
3
63
3
64
3
63
3
64
3
63
3
64
3
63
3
63
3
63
3
63
3
63
3
63
3
63
3
63
3
63
3
64
3
63
3
63
3
63
3
64
3
63
3
64
3
64
3
63
3
63
3
63
3
63
3
63
3
63
3
63
3
63
3
63
3
63
3
63
3
63
3
63
3
63
3
63
3
63
3
63
3
63
3
63
3
64
3
63
3
63
3
63
3
63
3
63
3
64
3
63
3
63
4
57
4
47
4
40
4
39
4
41
4
44
4
47
4
48
4
48
4
46
4
45
4
44
4
45
4
45
4
45
4
45
4
45
4
45
4
45
4
45
4
45
4
45
4
45
4
45
4
45
4
45
4
45
4
45
4
45
4
45
4
45
4
45
4
45
4
45
4
45
4
45
4
45
4
45
4
45
4
45
4
45
4
45
4
45
4
45
4
45
4
45
4
45
4
45
4
45
4
45
4
45
4
45
4
45
4
45
4
45
4
45
4
45
4
45
4
45
4
45
4
45
4
45
4
45
4
45
4
45
4
45
4
45
4
45
4
45
4
45
4
45
5
43
5
33
5
21
5
12
5
8
5
10
5
16
5
21
5
23
5
23
5
22
5
20
5
19
5
19
5
19
5
20
5
20
5
20
5
20
5
20
5
20
5
20
5
20
5
20
5
20
5
20
5
20
5
20
5
20
5
20
5
20
5
20
5
20
5
20
5
20
5
20
5
20
5
20
5
20
5
20
5
20
5
20
5
20
5
20
5
20
5
20
5
20
5
20
5
20
5
20
5
20
5
20
5
20
5
20
5
20
5
20
5
20
5
20
5
20
5
20
5
20
5
20
5
20
5
20
5
20
5
20
5
20
5
20
5
20
5
20
5
20
0
17
0
7
0
124
0
121
0
124
0
1
0
7
0
8
0
5
0
1
0
0
0
2
0
3
0
4
0
3
0
3
0
2
0
3
0
3
0
3
0
3
0
3
0
3
0
3
0
3
0
3
0
3
0
3
0
3
0
3
0
3
0
3
0
3
0
3
0
3
0
3
0
3
0
3
0
3
0
3
0
3
0
3
0
3
0
3
0
3
0
3
0
3
0
3
0
3
0
3
0
3
0
3
0
3
0
3
0
3
0
3
0
3
0
3
0
3
0
3
0
3
0
3
0
3
0
3
0
3
0
3
0
3
0
3
0
3
0
2
1
125
1
117
1
106
1
100
1
98
1
100
1
103
1
108
1
111
1
113
1
111
1
109
1
108
1
108
1
109
1
109
1
109
1
108
1
109
1
109
1
109
1
109
1
109
1
108
1
109
1
109
1
109
1
109
1
109
1
109
1
109
1
109
1
109
1
109
1
109
1
108
1
109
1
109
1
109
1
109
1
109
1
109
1
109
1
109
1
109
1
109
1
109
1
109
1
109
1
109
1
109
1
109
1
109
1
109
1
109
1
109
1
109
1
109
1
109
1
109
1
109
1
109
1
109
1
109
1
109
1
109
1
109
1
109
1
109
1
109
1
106
2
99
2
87
2
76
2
73
2
77
2
85
2
89
2
89
2
86
2
83
2
81
2
82
2
83
2
84
2
84
2
84
2
84
2
83
2
84
2
84
2
84
2
84
2
84
2
84
2
84
2
84
2
84
2
84
2
84
2
84
2
84
2
84
2
84
2
84
2
84
2
84
2
84
2
84
2
84
2
84
2
84
2
84
2
84
2
84
2
84
2
84
2
84
2
84
2
84
2
84
2
84
2
84
2
84
2
84
2
84
2
84
2
84
2
84
2
84
2
84
2
84
2
84
2
84
2
84
2
84
2
84
2
84
2
84
2
84
2
84
2
82
3
73
3
65
3
60
3
60
3
65
3
69
3
71
3
71
3
69
3
68
3
67
3
67
3
67
3
68
3
68
3
68
3
67
3
68
3
68
3
68
3
67
3
67
3
68
3
68
3
67
3
68
3
68
3
67
3
68
3
68
3
68
3
68
3
68
3
67
3
67
3
68
3
68
3
67
3
67
3
67
3
68
3
67
3
68
3
68
3
68
3
68
3
68
3
67
3
68
3
68
3
68
3
68
3
67
3
68
3
68
3
68
3
68
3
68
3
68
3
67
3
68
3
68
3
68
3
67
3
68
3
67
3
68
3
67
3
68
3
68
4
64
4
53
4
44
4
36
4
32
4
34
4
39
4
43
4
46
4
46
4
45
4
43
4
42
4
43
4
43
4
44
4
44
4
44
4
44
4
44
4
44
4
44
4
44
4
43
4
44
4
44
4
43
4
44
4
44
4
44
4
44
4
44
4
44
4
44
4
44
4
44
4
44
4
43
4
44
4
44
4
43
4
44
4
44
4
44
4
44
4
44
4
44
4
44
4
44
4
43
4
44
4
43
4
44
4
44
4
44
4
44
4
43
4
44
4
44
4
44
4
44
4
44
4
44
4
44
4
43
4
44
4
44
4
44
4
44
4
43
4
44
4
42
5
31
5
20
5
13
5
14
5
20
5
26
5
28
5
26
5
23
5
21
5
21
5
23
5
24
5
24
5
23
5
23
5
23
5
23
5
23
5
23
5
23
5
23
5
23
5
23
5
23
5
23
5
23
5
23
5
23
5
23
5
23
5
23
5
23
5
23
5
23
5
23
5
23
5
23
5
23
5
23
5
23
5
23
5
23
5
23
5
23
5
23
5
23
5
23
5
23
5
23
5
23
5
23
5
23
5
23
5
23
5
23
5
23
5
23
5
23
5
23
5
23
5
23
5
23
5
23
5
23
5
23
5
23
5
23
5
23
5
23
5
23
0
17
0
7
0
126
0
124
0
124
0
127
0
3
0
6
0
8
0
7
0
4
0
3
0
3
0
3
0
4
0
4
0
4
0
4
0
4
0
4
0
4
0
4
0
4
0
4
0
4
0
4
0
4
0
4
0
4
0
4
0
4
0
4
0
4
0
4
0
4
0
4
0
4
0
4
0
4
0
4
0
4
0
4
0
4
0
4
0
4
0
4
0
4
0
4
0
4
0
4
0
4
0
4
0
4
0
4
0
4
0
4
0
4
0
4
0
4
0
4
0
4
0
4
0
4
0
4
0
4
0
4
0
4
0
4
0
4
0
2
1
123
1
110
1
99
1
95
1
97
1
103
1
108
1
113
1
113
1
110
1
107
1
106
1
107
1
108
1
109
1
109
1
108
1
108
1
108
1
108
1
108
1
109
1
108
1
108
1
108
1
108
1
108
1
108
1
108
1
108
1
108
1
109
1
108
1
108
1
108
1
108
1
108
1
108
1
108
1
108
1
108
1
108
1
108
1
108
1
108
1
108
1
108
1
108
1
108
1
108
1
108
1
108
1
108
1
108
1
108
1
108
1
108
1
108
1
108
1
108
1
108
1
108
1
108
1
108
1
108
1
108
1
108
1
108
1
108
1
108
2
104
2
94
2
81
2
76
2
77
2
81
2
89
2
94
2
95
2
91
2
87
2
84
2
85
2
87
2
90
2
90
2
88
2
88
2
87
2
88
2
89
2
88
2
88
2
88
2
88
2
88
2
88
2
88
2
88
2
88
2
88
2
88
2
88
2
88
2
88
2
88
2
88
2
88
2
88
2
88
2
88
2
88
2
88
2
88
2
88
2
88
2
88
2
88
2
88
2
88
2
88
2
88
2
88
2
88
2
88
2
88
2
88
2
88
2
88
2
88
2
88
2
88
2
88
2
88
2
88
2
88
2
88
2
88
2
88
2
88
2
87
3
82
3
73
3
62
3
54
3
53
3
56
3
62
3
67
3
70
3
70
3
68
3
65
3
63
3
63
3
64
3
65
3
66
3
66
3
65
3
65
3
65
3
65
3
65
3
65
3
65
3
65
3
65
3
65
3
65
3
65
3
65
3
65
3
65
3
65
3
65
3
65
3
65
3
65
3
65
3
65
3
65
3
65
3
65
3
65
3
65
3
65
3
65
3
65
3
65
3
65
3
65
3
65
3
65
3
65
3
65
3
65
3
65
3
65
3
65
3
65
3
65
3
65
3
65
3
65
3
65
3
65
3
65
3
65
3
65
3
65
3
64
4
56
4
45
4
35
4
30
4
34
4
41
4
47
4
48
4
46
4
43
4
40
4
40
4
42
4
44
4
44
4
43
4
42
4
42
4
43
4
43
4
43
4
43
4
43
4
43
4
43
4
43
4
43
4
43
4
43
4
43
4
43
4
43
4
43
4
43
4
43
4
43
4
43
4
43
4
43
4
43
4
43
4
43
4
43
4
43
4
43
4
43
4
43
4
43
4
43
4
43
4
43
4
43
4
43
4
43
4
43
4
43
4
43
4
43
4
43
4
43
4
43
4
43
4
43
4
43
4
43
4
43
4
43
4
43
4
43
4
43
4
43
5
38
5
26
5
17
5
12
5
13
5
18
5
25
5
27
5
26
5
23
5
21
5
20
5
21
5
23
5
23
5
23
5
22
5
22
5
22
5
22
5
22
5
22
5
22
5
23
5
22
5
22
5
22
5
22
5
22
5
22
5
22
5
22
5
22
5
22
5
22
5
22
5
22
5
22
5
22
5
22
5
22
5
22
5
22
5
22
5
22
5
22
5
22
5
22
5
22
5
22
5
22
5
22
5
23
5
22
5
22
5
22
5
22
5
22
5
22
5
22
5
22
5
22
5
22
5
22
5
22
5
22
5
22
5
22
5
22
5
22
5
22
5
21
0
11
0
0
0
121
0
118
0
121
0
126
0
2
0
4
0
4
0
2
0
0
0
127
0
127
0
0
0
1
0
1
0
1
0
0
0
0
0
0
0
1
0
1
0
1
0
0
0
0
0
0
0
0
0
0
0
0
0
0
0
0
0
0
0
0
0
0
0
0
0
1
0
1
0
1
0
1
0
1
0
0
0
0
0
1
0
1
0
1
0
0
0
1
0
0
0
0
0
0
0
0
0
0
0
0
0
1
0
0
0
1
0
0
0
1
0
1
0
0
0
0
0
0
0
0
0
1
0
1
0
0
0
0
0
1
0
1
1
125
1
113
1
101
1
96
1
96
1
100
1
106
1
111
1
112
1
111
1
107
1
105
1
104
1
106
1
108
1
109
1
108
1
107
1
107
1
107
1
107
1
107
1
107
1
107
1
107
1
107
1
107
1
107
1
107
1
107
1
107
1
107
1
107
1
107
1
107
1
107
1
107
1
107
1
107
1
107
1
107
1
107
1
107
1
107
1
107
1
107
1
107
1
107
1
107
1
107
1
107
1
107
1
107
1
107
1
107
1
107
1
107
1
107
1
107
1
107
1
107
1
107
1
107
1
107
1
107
1
107
1
107
1
107
1
107
1
107
1
106
2
99
2
87
2
77
2
74
2
75
2
80
2
86
2
91
2
92
2
89
2
85
2
83
2
84
2
85
2
87
2
87
2
86
2
85
2
85
2
86
2
86
2
86
2
86
2
86
2
86
2
86
2
86
2
86
2
85
2
86
2
86
2
86
2
86
2
85
2
86
2
86
2
86
2
86
2
86
2
86
2
86
2
86
2
86
2
86
2
86
2
86
2
86
2
86
2
86
2
86
2
86
2
86
2
86
2
86
2
86
2
86
2
86
2
86
2
86
2
86
2
86
2
86
2
86
2
86
2
86
2
86
2
86
2
86
2
86
2
86
2
84
3
77
3
66
3
55
3
51
3
53
3
59
3
65
3
69
3
69
3
66
3
63
3
60
3
60
3
62
3
64
3
65
3
64
3
63
3
63
3
63
3
63
3
64
3
63
3
63
3
63
3
64
3
63
3
63
3
64
3
63
3
63
3
63
3
64
3
63
3
63
3
63
3
63
3
63
3
63
3
64
3
63
3
63
3
63
3
63
3
63
3
63
3
64
3
63
3
63
3
64
3
63
3
63
3
63
3
63
3
63
3
63
3
63
3
63
3
63
3
63
3
63
3
63
3
63
3
63
3
63
3
63
3
63
3
63
3
64
3
63
4
60
4
51
4
39
4
31
4
30
4
34
4
40
4
46
4
48
4
47
4
44
4
40
4
40
4
40
4
42
4
43
4
43
4
42
4
42
4
42
4
42
4
42
4
42
4
42
4
42
4
42
4
42
4
42
4
42
4
42
4
42
4
42
4
42
4
42
4
42
4
42
4
42
4
42
4
42
4
42
4
42
4
42
4
42
4
42
4
42
4
42
4
42
4
42
4
42
4
42
4
42
4
42
4
42
4
42
4
42
4
42
4
42
4
42
4
42
4
42
4
42
4
42
4
42
4
42
4
42
4
42
4
42
4
42
4
42
4
42
4
42
4
40
5
32
5
21
5
11
5
6
5
9
5
16
5
22
5
24
5
23
5
19
5
16
5
16
5
17
5
19
5
20
5
20
5
19
5
18
5
18
5
19
5
19
5
19
5
19
5
19
5
19
5
19
5
19
5
19
5
19
5
19
5
19
5
19
5
19
5
19
5
19
5
19
5
19
5
19
5
19
5
19
5
19
5
19
5
19
5
19
5
19
5
19
5
19
5
19
5
19
5
19
5
19
5
19
5
19
5
19
5
19
5
19
5
19
5
19
5
19
5
19
5
19
5
19
5
19
5
19
5
19
5
19
5
19
5
19
5
19
5
19
5
18
0
10
0
0
0
120
0
117
0
120
0
126
0
2
0
4
0
3
0
0
0
126
0
125
0
126
0
0
0
1
0
1
0
0
0
127
0
127
0
127
0
0
0
0
0
127
0
127
0
127
0
0
0
0
0
0
0
0
0
0
0
0
0
0
0
0
0
0
0
127
0
0
0
0
0
0
0
0
0
0
0
0
0
0
0
127
0
0
0
0
0
127
0
0
0
0
0
0
0
0
0
0
0
127
0
0
0
0
0
127
0
0
0
127
0
0
0
0
0
0
0
0
0
0
0
127
0
127
0
0
0
127
0
127
0
0
0
0
0
126
1
115
1
107
1
103
1
102
1
104
1
109
1
114
1
117
1
116
1
114
1
111
1
110
1
110
1
112
1
113
1
113
1
112
1
111
1
111
1
112
1
112
1
112
1
112
1
112
1
112
1
112
1
112
1
112
1
112
1
112
1
112
1
112
1
112
1
112
1
112
1
112
1
112
1
112
1
112
1
112
1
112
1
112
1
112
1
112
1
112
1
112
1
112
1
112
1
112
1
112
1
112
1
112
1
112
1
112
1
112
1
112
1
112
1
112
1
112
1
112
1
112
1
112
1
112
1
112
1
112
1
112
1
112
1
112
1
112
1
112
2
106
2
93
2
82
2
77
2
79
2
84
2
90
2
95
2
95
2
91
2
88
2
87
2
87
2
89
2
91
2
91
2
90
2
89
2
89
2
89
2
90
2
90
2
90
2
89
2
89
2
90
2
90
2
89
2
90
2
89
2
90
2
90
2
90
2
90
2
90
2
90
2
89
2
90
2
90
2
90
2
89
2
89
2
90
2
90
2
89
2
89
2
90
2
89
2
90
2
90
2
89
2
90
2
89
2
89
2
89
2
89
2
90
2
90
2
90
2
90
2
90
2
90
2
90
2
89
2
90
2
90
2
90
2
89
2
90
2
89
2
88
3
81
3
68
3
60
3
60
3
63
3
69
3
75
3
78
3
76
3
72
3
68
3
68
3
70
3
72
3
73
3
72
3
70
3
70
3
70
3
71
3
72
3
71
3
70
3
71
3
71
3
71
3
71
3
71
3
71
3
71
3
71
3
71
3
71
3
71
3
71
3
71
3
71
3
71
3
71
3
71
3
71
3
71
3
71
3
71
3
71
3
71
3
71
3
71
3
71
3
71
3
71
3
71
3
71
3
71
3
71
3
71
3
71
3
71
3
71
3
71
3
71
3
71
3
71
3
71
3
71
3
71
3
71
3
71
3
71
3
70
4
65
4
56
4
45
4
38
4
37
4
40
4
45
4
51
4
54
4
54
4
51
4
48
4
47
4
47
4
49
4
50
4
50
4
50
4
49
4
49
4
49
4
49
4
49
4
49
4
49
4
49
4
49
4
49
4
49
4
49
4
49
4
49
4
49
4
49
4
49
4
49
4
49
4
49
4
49
4
49
4
49
4
49
4
49
4
49
4
49
4
49
4
49
4
49
4
49
4
49
4
49
4
49
4
49
4
49
4
49
4
49
4
49
4
49
4
49
4
49
4
49
4
49
4
49
4
49
4
49
4
49
4
49
4
49
4
49
4
49
4
49
5
44
5
34
5
22
5
14
5
15
5
20
5
28
5
33
5
33
5
30
5
25
5
23
5
23
5
25
5
27
5
29
5
28
5
27
5
25
5
26
5
26
5
26
5
27
5
27
5
27
5
26
5
27
5
27
5
27
5
27
5
26
5
26
5
26
5
27
5
26
5
27
5
26
5
27
5
27
5
27
5
27
5
27
5
26
5
27
5
27
5
26
5
26
5
27
5
27
5
26
5
27
5
26
5
26
5
26
5
26
5
27
5
26
5
27
5
26
5
27
5
27
5
27
5
27
5
26
5
26
5
27
5
27
5
26
5
26
5
27
5
26
5
24
0
17
0
11
0
3
0
2
0
7
0
14
0
18
0
18
0
16
0
12
0
11
0
11
0
12
0
14
0
15
0
14
0
13
0
12
0
13
0
13
0
14
0
13
0
13
0
13
0
13
0
13
0
13
0
13
0
13
0
13
0
13
0
13
0
13
0
13
0
13
0
13
0
13
0
13
0
13
0
13
0
13
0
13
0
13
0
13
0
13
0
13
0
13
0
13
0
13
0
13
0
13
0
13
0
13
0
13
0
13
0
13
0
13
0
13
0
13
0
13
0
13
0
13
0
13
0
13
0
13
0
13
0
13
0
13
0
13
1
6
1
123
1
114
1
110
1
112
1
117
1
123
1
126
1
125
1
123
1
120
1
119
1
118
1
120
1
121
1
122
1
121
1
121
1
120
1
120
1
121
1
121
1
121
1
121
1
121
1
121
1
121
1
121
1
121
1
121
1
121
1
121
1
121
1
121
1
121
1
121
1
121
1
121
1
121
1
121
1
121
1
121
1
121
1
121
1
121
1
121
1
121
1
121
1
121
1
121
1
121
1
121
1
121
1
121
1
121
1
121
1
121
1
121
1
121
1
121
1
121
1
121
1
121
1
121
1
121
1
121
1
121
1
121
1
121
1
121
2
114
2
101
2
91
2
88
2
93
2
100
2
105
2
107
2
104
2
100
2
97
2
97
2
99
2
101
2
102
2
101
2
99
2
99
2
100
2
100
2
101
2
101
2
100
2
100
2
100
2
100
2
100
2
100
2
100
2
100
2
100
2
100
2
100
2
100
2
100
2
100
2
100
2
100
2
100
2
100
2
100
2
100
2
100
2
100
2
100
2
100
2
100
2
100
2
100
2
100
2
100
2
100
2
100
2
100
2
100
2
100
2
100
2
100
2
100
2
100
2
100
2
100
2
100
2
100
2
100
2
100
2
100
2
100
2
100
2
100
2
100
3
93
3
81
3
73
3
71
3
75
3
81
3
87
3
90
3
87
3
83
3
80
3
80
3